710	
720	
741	
742	
742	
741	
742	
742	
743	
742	
742	
743	
742	
742	
742	
742	
743	
742	
742	
743	
742	
742	
742	
742	
743	
742	
742	
743	
742	
742	
742	
742	
743	
742	
742	
742	
742	
743	
742	
742	
742	
742	
743	
742	
742	
742	
742	
743	
742	
742	
742	
742	
743	
742	
742	
742	
742	
743	
742	
742	
742	
742	
743	
742	
742	
742	
742	
742	
742	
742	
743	
742	
742	
742	
742	
742	
742	
742	
743	
742	
742	
742	
742	
743	
742	
742	
743	
742	
742	
742	
742	
743	
742	
742	
742	
742	
743	
742	
742	
742	
