774	
803	
825	
826	
826	
826	
826	
827	
826	
827	
827	
828	
827	
828	
828	
828	
827	
828	
828	
828	
828	
828	
828	
828	
828	
828	
827	
827	
827	
827	
827	
827	
827	
827	
828	
827	
827	
827	
827	
826	
827	
826	
827	
826	
827	
827	
827	
826	
826	
826	
826	
827	
827	
828	
827	
828	
827	
827	
827	
827	
828	
827	
827	
827	
827	
827	
827	
827	
827	
827	
827	
827	
828	
827	
828	
827	
827	
827	
827	
826	
826	
827	
827	
827	
826	
826	
826	
826	
826	
826	
827	
827	
827	
827	
827	
828	
827	
827	
test_times[99]	uint32_t	827	
