499	
515	
538	
537	
539	
538	
538	
538	
538	
537	
539	
537	
539	
537	
538	
538	
538	
538	
538	
537	
539	
537	
539	
537	
538	
538	
538	
538	
539	
537	
539	
537	
538	
538	
538	
538	
538	
537	
539	
537	
539	
537	
538	
538	
538	
538	
538	
537	
539	
537	
539	
538	
538	
538	
538	
538	
539	
537	
539	
537	
538	
538	
538	
538	
538	
537	
539	
537	
539	
537	
538	
538	
538	
538	
538	
537	
539	
537	
538	
538	
538	
538	
538	
538	
539	
537	
539	
537	
538	
538	
538	
538	
538	
537	
539	
537	
539	
537	
538	
538	
