823	
765	
766	
767	
767	
767	
766	
767	
766	
766	
766	
766	
766	
766	
766	
766	
766	
766	
765	
766	
765	
765	
766	
765	
766	
766	
765	
766	
765	
765	
765	
766	
766	
765	
765	
766	
766	
766	
766	
766	
766	
766	
766	
765	
766	
765	
766	
765	
766	
765	
766	
765	
765	
765	
765	
766	
765	
765	
766	
765	
766	
766	
765	
765	
765	
766	
766	
766	
766	
765	
765	
765	
765	
765	
765	
765	
765	
765	
765	
765	
765	
765	
765	
765	
765	
765	
764	
765	
764	
765	
764	
765	
765	
764	
765	
765	
765	
765	
765	
765	
