1069	
1135	
1069	
1069	
1069	
1069	
1069	
1069	
1069	
1069	
1070	
1069	
1069	
1069	
1069	
1070	
1069	
1069	
1069	
1069	
1069	
1069	
1069	
1069	
1068	
1069	
1068	
1070	
1069	
1069	
1069	
1069	
1069	
1069	
1069	
1069	
1070	
1069	
1069	
1069	
1069	
1069	
1069	
1069	
1069	
1070	
1069	
1069	
1069	
1069	
1070	
1069	
1070	
1069	
1069	
1070	
1069	
1070	
1069	
1070	
1069	
1069	
1069	
1069	
1069	
1069	
1069	
1069	
1069	
1068	
1069	
1069	
1069	
1069	
1069	
1069	
1070	
1069	
1069	
1069	
1069	
1069	
1070	
1069	
1069	
1069	
1069	
1069	
1070	
1069	
1070	
1069	
1069	
1069	
1069	
1069	
1069	
1069	
1069	
1069	
