1314	
1382	
1313	
1313	
1380	
1313	
1313	
1314	
1313	
1312	
1313	
1314	
1313	
1313	
1314	
1313	
1314	
1313	
1312	
1313	
1313	
1313	
1313	
1313	
1314	
1313	
1312	
1313	
1312	
1313	
1313	
1313	
1313	
1313	
1313	
1313	
1313	
1313	
1313	
1314	
1313	
1314	
1313	
1313	
1313	
1313	
1313	
1312	
1313	
1313	
1313	
1312	
1314	
1313	
1312	
1313	
1313	
1313	
1313	
1313	
1313	
1313	
1314	
1313	
1313	
1313	
1313	
1314	
1313	
1314	
1314	
1313	
1313	
1313	
1312	
1313	
1314	
1314	
1313	
1313	
1313	
1313	
1313	
1313	
1314	
1313	
1313	
1312	
1313	
1314	
1313	
1314	
1313	
1313	
1313	
1313	
1313	
1313	
1313	
1313	