1357	
1308	
1308	
1309	
1308	
1308	
1307	
1377	
1307	
1308	
1308	
1308	
1308	
1307	
1308	
1307	
1308	
1308	
1308	
1308	
1308	
1308	
1308	
1308	
1308	
1308	
1308	
1308	
1308	
1308	
1309	
1308	
1308	
1308	
1309	
1309	
1308	
1308	
1308	
1307	
1308	
1308	
1308	
1308	
1308	
1308	
1308	
1309	
1308	
1309	
1308	
1309	
1308	
1309	
1308	
1309	
1308	
1309	
1308	
1308	
1308	
1309	
1308	
1307	
1308	
1308	
1308	
1308	
1308	
1308	
1308	
1308	
1308	
1309	
1308	
1308	
1308	
1308	
1308	
1308	
1308	
1307	
1308	
1309	
1308	
1309	
1308	
1308	
1308	
1308	
1308	
1308	
1307	
1308	
1308	
1308	
1308	
1308	
1308	
1308	