1501	
1432	
1433	
1432	
1433	
1432	
1432	
1433	
1433	
1433	
1433	
1433	
1432	
1432	
1433	
1433	
1433	
1433	
1432	
1432	
1432	
1432	
1432	
1432	
1433	
1433	
1433	
1433	
1432	
1433	
1432	
1433	
1433	
1433	
1459	
1402	
1402	
1402	
1402	
1402	
1402	
1401	
1402	
1402	
1402	
1402	
1402	
1403	
1402	
1402	
1402	
1402	
1402	
1403	
1402	
1402	
1402	
1402	
1403	
1402	
1402	
1402	
1402	
1402	
1403	
1402	
1402	
1402	
1402	
1402	
1402	
1402	
1402	
1402	
1402	
1402	
1402	
1401	
1402	
1402	
1402	
1401	
1402	
1402	
1403	
1402	
1402	
1402	
1402	
1402	
1402	
1402	
1402	
1402	
1403	
1402	
1402	
1402	
1402	
1403	
