574	
527	
526	
526	
527	
527	
527	
527	
526	
526	
526	
527	
527	
527	
526	
526	
527	
527	
527	
527	
526	
527	
527	
527	
527	
527	
526	
527	
527	
527	
526	
527	
526	
526	
527	
527	
526	
526	
526	
527	
527	
527	
526	
526	
526	
527	
527	
527	
526	
526	
527	
527	
527	
527	
526	
526	
527	
527	
526	
527	
526	
527	
527	
527	
526	
527	
526	
527	
527	
527	
526	
527	
526	
527	
527	
527	
526	
526	
526	
527	
527	
527	
526	
526	
526	
527	
527	
527	
526	
526	
527	
527	
527	
527	
526	
526	
527	
527	
526	
527	
