1475	
1401	
1404	
1402	
1403	
1402	
1402	
1402	
1401	
1400	
1402	
1402	
1400	
1401	
1400	
1399	
1398	
1398	
1398	
1399	
1400	
1399	
1401	
1401	
1400	
1400	
1400	
1400	
1400	
1399	
1400	
1401	
1400	
1401	
1400	
1400	
1400	
1401	
1401	
1400	
1400	
1400	
1400	
1399	
1399	
1400	
1400	
1400	
1400	
1400	
1400	
1401	
1400	
1400	
1400	
1400	
1401	
1400	
1401	
1400	
1401	
1399	
1400	
1400	
1400	
1400	
1400	
1400	
1401	
1400	
1400	
1401	
1401	
1401	
1400	
1400	
1400	
1401	
1400	
1400	
1400	
1400	
1400	
1401	
1400	
1400	
1400	
1400	
1400	
1400	
1400	
1400	
1400	
1401	
1401	
1400	
1401	
1401	
1401	
1402	