308	
346	
347	
347	
347	
346	
346	
346	
345	
346	
348	
346	
346	
346	
345	
346	
348	
345	
347	
348	
346	
347	
345	
346	
348	
346	
345	
349	
347	
343	
346	
348	
345	
348	
345	
348	
347	
347	
346	
346	
346	
346	
345	
346	
348	
347	
345	
348	
346	
345	
348	
347	
346	
348	
347	
347	
347	
347	
345	
348	
346	
346	
345	
347	
347	
347	
346	
346	
346	
346	
347	
346	
346	
345	
347	
347	
348	
347	
346	
348	
345	
348	
346	
347	
347	
347	
346	
346	
347	
347	
347	
347	
347	
346	
346	
345	
347	
347	
test_times[99]	uint32_t	347	
