410	
386	
386	
386	
386	
386	
386	
386	
386	
386	
386	
385	
387	
385	
386	
385	
387	
388	
386	
387	
384	
387	
386	
386	
386	
386	
386	
386	
387	
387	
386	
386	
386	
386	
386	
387	
387	
383	
387	
386	
386	
386	
386	
385	
386	
388	
386	
385	
388	
386	
386	
386	
384	
388	
385	
385	
388	
385	
388	
386	
387	
388	
383	
388	
386	
386	
386	
386	
384	
388	
385	
385	
386	
386	
385	
386	
388	
386	
387	
387	
387	
385	
388	
386	
386	
384	
388	
387	
386	
386	
386	
386	
386	
385	
388	
383	
386	
388	
386	
386	
