423	
405	
408	
404	
406	
404	
407	
406	
404	
408	
405	
406	
409	
405	
404	
409	
405	
404	
406	
406	
408	
404	
404	
409	
404	
407	
404	
406	
407	
406	
407	
405	
404	
406	
407	
404	
406	
411	
403	
406	
406	
406	
406	
406	
406	
406	
406	
406	
408	
404	
406	
407	
405	
406	
406	
405	
404	
406	
409	
405	
406	
406	
405	
404	
409	
406	
404	
408	
406	
406	
409	
404	
406	
404	
406	
406	
407	
406	
407	
404	
406	
406	
405	
409	
405	
404	
407	
407	
404	
406	
407	
404	
406	
409	
404	
408	
405	
404	
407	
405	
