432	
413	
415	
414	
415	
416	
413	
418	
414	
413	
412	
412	
416	
414	
414	
416	
412	
415	
414	
416	
412	
416	
416	
414	
414	
415	
414	
415	
415	
413	
416	
414	
414	
414	
414	
416	
414	
415	
414	
412	
416	
414	
416	
414	
413	
414	
414	
416	
414	
412	
417	
414	
416	
414	
412	
417	
413	
414	
414	
416	
412	
413	
415	
413	
414	
416	
414	
414	
415	
413	
415	
413	
415	
414	
414	
415	
415	
414	
413	
413	
415	
413	
414	
414	
416	
441	
415	
414	
415	
414	
412	
417	
416	
411	
414	
415	
414	
415	
414	
415	
