396	
373	
376	
375	
373	
375	
373	
376	
373	
374	
377	
373	
377	
372	
377	
374	
375	
376	
373	
376	
373	
373	
378	
374	
375	
375	
377	
374	
374	
376	
372	
377	
375	
373	
377	
371	
378	
373	
375	
374	
376	
373	
373	
379	
375	
374	
375	
373	
377	
373	
376	
375	
374	
375	
375	
375	
374	
376	
375	
373	
377	
372	
377	
375	
373	
377	
374	
377	
374	
377	
376	
405	
375	
373	
377	
373	
377	
375	
373	
377	
373	
377	
375	
371	
377	
376	
375	
373	
376	
372	
376	
375	
374	
377	
374	
377	
374	
376	
375	
371	
