299400	
299457	
299487	
299486	
299481	
299455	
299458	
299486	
299486	
299485	
299485	
299456	
299484	
299454	
299455	
299458	
299482	
299455	
299458	
299483	
299455	
299456	
299455	
299455	
299456	
299455	
299456	
299455	
299455	
299455	
299455	
299456	
299456	
299483	
299458	
299486	
299485	
299456	
299482	
299455	
299456	
299454	
299455	
299456	
299459	
299481	
299455	
299456	
299455	
299453	
299458	
299483	
299457	
299457	
299487	
299481	
299456	
299455	
299457	
299482	
299457	
299453	
299458	
299488	
299484	
299485	
299486	
299485	
299483	
299456	
299458	
299487	
299485	
299483	
299457	
299454	
299457	
299457	
299488	
299484	
299484	
299454	
299454	
299455	
299455	
299456	
299454	
299460	
299481	
299455	
299455	
299456	
299454	
299455	
299455	
299455	
299459	
299485	
299481	
