299479	
299543	
299545	
299544	
299544	
299544	
299544	
299548	
299542	
299547	
299541	
299545	
299545	
299546	
299542	
299545	
299546	
299543	
299544	
299544	
299545	
299543	
299544	
299544	
299544	
299545	
299544	
299545	
299544	
299544	
299546	
299543	
299545	
299545	
299544	
299546	
299542	
299545	
299544	
299545	
299547	
299545	
299541	
299548	
299541	
299545	
299545	
299543	
299545	
299545	
299548	
299541	
299545	
299544	
299544	
299544	
299545	
299543	
299544	
299544	
299546	
299543	
299544	
299544	
299544	
299544	
299544	
299545	
299544	
299544	
299545	
299544	
299547	
299542	
299544	
299545	
299544	
299544	
299545	
299546	
299543	
299544	
299544	
299544	
299544	
299544	
299544	
299544	
299544	
299545	
299544	
299544	
299544	
299544	
299545	
299544	
299545	
299545	
299545	
299544	
