299434	
299484	
299484	
299484	
299484	
299484	
299484	
299484	
299486	
299483	
299486	
299483	
299484	
299484	
299484	
299484	
299484	
299484	
299484	
299484	
299484	
299486	
299483	
299484	
299484	
299484	
299484	
299487	
299486	
299480	
299484	
299484	
299484	
299484	
299484	
299484	
299484	
299484	
299484	
299484	
299485	
299484	
299485	
299483	
299485	
299484	
299484	
299484	
299484	
299484	
299485	
299484	
299485	
299484	
299482	
299484	
299484	
299486	
299483	
299484	
299483	
299484	
299484	
299484	
299484	
299487	
299480	
299485	
299484	
299483	
299485	
299484	
299483	
299484	
299484	
299484	
299484	
299485	
299484	
299484	
299485	
299484	
299484	
299484	
299484	
299485	
299482	
299484	
299484	
299484	
299484	
299484	
299484	
299484	
299484	
299484	
299484	
299485	
299482	
299485	
