299701	
299774	
299775	
299774	
299774	
299774	
299775	
299774	
299774	
299774	
299773	
299773	
299774	
299774	
299775	
299773	
299774	
299774	
299774	
299774	
299775	
299774	
299773	
299774	
299774	
299773	
299774	
299774	
299775	
299774	
299774	
299774	
299774	
299774	
299775	
299773	
299774	
299774	
299774	
299773	
299774	
299774	
299774	
299774	
299773	
299775	
299774	
299773	
299773	
299774	
299774	
299774	
299774	
299774	
299773	
299774	
299774	
299774	
299774	
299774	
299774	
299774	
299774	
299774	
299774	
299773	
299774	
299774	
299774	
299773	
299774	
299773	
299774	
299774	
299774	
299772	
299774	
299774	
299773	
299774	
299773	
299774	
299774	
299774	
299773	
299774	
299773	
299773	
299774	
299773	
299773	
299773	
299773	
299773	
299773	
299774	
299773	
299774	
299773	
