299600	
299647	
299651	
299644	
299650	
299644	
299648	
299647	
299647	
299649	
299646	
299650	
299644	
299651	
299646	
299645	
299647	
299648	
299647	
299647	
299648	
299647	
299648	
299647	
299647	
299649	
299646	
299647	
299647	
299647	
299647	
299647	
299650	
299646	
299649	
299649	
299646	
299645	
299648	
299647	
299648	
299648	
299648	
299646	
299647	
299647	
299647	
299647	
299647	
299648	
299648	
299647	
299649	
299646	
299647	
299647	
299648	
299647	
299648	
299648	
299649	
299646	
299650	
299646	
299646	
299650	
299648	
299647	
299645	
299647	
299648	
299646	
299649	
299646	
299648	
299647	
299647	
299648	
299647	
299646	
299648	
299647	
299648	
299647	
299647	
299647	
299647	
299649	
299645	
299650	
299645	
299648	
299648	
299648	
299647	
299647	
299647	
299647	
299648	
299647	
