299643	
299706	
299706	
299708	
299705	
299707	
299706	
299706	
299705	
299706	
299710	
299706	
299704	
299707	
299705	
299707	
299707	
299705	
299706	
299706	
299707	
299708	
299705	
299706	
299706	
299707	
299706	
299707	
299706	
299705	
299707	
299706	
299706	
299707	
299708	
299705	
299706	
299706	
299708	
299706	
299707	
299706	
299705	
299706	
299707	
299706	
299706	
299708	
299706	
299704	
299706	
299707	
299706	
299705	
299706	
299706	
299706	
299706	
299707	
299707	
299707	
299707	
299707	
299705	
299706	
299706	
299708	
299709	
299702	
299706	
299706	
299706	
299708	
299707	
299705	
299706	
299706	
299706	
299705	
299706	
299706	
299705	
299706	
299708	
299705	
299709	
299703	
299706	
299706	
299706	
299707	
299706	
299706	
299707	
299707	
299706	
299706	
299707	
299708	
299705	
