299558	
299615	
299613	
299613	
299613	
299613	
299613	
299613	
299613	
299614	
299613	
299612	
299613	
299613	
299613	
299613	
299613	
299613	
299613	
299613	
299613	
299614	
299613	
299614	
299612	
299613	
299614	
299613	
299613	
299614	
299613	
299613	
299613	
299613	
299613	
299614	
299613	
299614	
299613	
299613	
299613	
299613	
299613	
299613	
299612	
299613	
299612	
299613	
299613	
299613	
299613	
299614	
299613	
299613	
299613	
299613	
299613	
299612	
299613	
299613	
299614	
299613	
299615	
299613	
299614	
299613	
299614	
299613	
299613	
299614	
299613	
299612	
299612	
299615	
299612	
299613	
299613	
299613	
299613	
299613	
299613	
299612	
299613	
299613	
299613	
299612	
299613	
299613	
299614	
299613	
299614	
299612	
299613	
299613	
299614	
299613	
299613	
299612	
299613	
