121	
946	
953	
949	
953	
953	
953	
953	
953	
953	
953	
953	
953	
953	
953	
953	
953	
953	
953	
953	
953	
953	
953	
953	
953	
953	
953	
953	
953	
953	
953	
953	
953	
953	
953	
953	
953	
953	
953	
953	
953	
953	
953	
953	
953	
953	
953	
953	
953	
953	
953	
953	
953	
953	
953	
953	
953	
953	
953	
953	
953	
953	
953	
953	
953	
953	
953	
953	
953	
953	
953	
953	
953	
953	
953	
953	
953	
953	
953	
953	
953	
953	
953	
953	
953	
953	
953	
953	
953	
953	
953	
953	
953	
953	
953	
953	
953	
953	
953	
953	

