409	
944	
950	
953	
952	
953	
953	
953	
953	
953	
953	
953	
953	
953	
953	
953	
953	
953	
953	
953	
953	
953	
953	
953	
953	
953	
953	
953	
953	
953	
953	
953	
953	
953	
953	
953	
953	
953	
953	
953	
953	
953	
953	
953	
953	
953	
953	
953	
953	
953	
953	
953	
953	
953	
953	
953	
953	
953	
953	
953	
953	
953	
953	
953	
953	
953	
953	
953	
953	
953	
953	
953	
953	
953	
953	
953	
953	
953	
953	
953	
953	
953	
953	
953	
953	
953	
953	
953	
953	
953	
953	
953	
953	
953	
953	
953	
953	
953	
953	
953	
