337	
944	
949	
954	
952	
953	
953	
953	
953	
953	
953	
953	
953	
953	
953	
953	
953	
953	
953	
953	
953	
953	
953	
953	
953	
953	
953	
953	
953	
954	
953	
953	
953	
953	
953	
953	
953	
953	
953	
953	
953	
953	
953	
953	
953	
953	
953	
953	
953	
953	
953	
954	
953	
953	
953	
953	
953	
953	
953	
953	
954	
953	
953	
953	
953	
953	
953	
953	
953	
953	
953	
953	
953	
953	
953	
953	
953	
954	
953	
953	
953	
953	
953	
953	
953	
953	
953	
953	
953	
953	
953	
953	
953	
953	
953	
953	
953	
953	
953	
953	

