316556	
315930	
315928	
315935	
315927	
315937	
315929	
315932	
315932	
315933	
315928	
315935	
315930	
315935	
315930	
315933	
315929	
315930	
315935	
315935	
315932	
315929	
315934	
315933	
315929	
315935	
315934	
315921	
315940	
315932	
315931	
315930	
315927	
315938	
315924	
315933	
315930	
315941	
315931	
315930	
315931	
315927	
315937	
315932	
315934	
315929	
315931	
315935	
315929	
315933	
315930	
315934	
315925	
315937	
315931	
315931	
315935	
315931	
315930	
315930	
315935	
315933	
315933	
315930	
315932	
315932	
315932	
315926	
315930	
315940	
315925	
315937	
315926	
315940	
315931	
315931	
315932	
315930	
315932	
315926	
315937	
315927	
315938	
315932	
315931	
315932	
315929	
315933	
315932	
315925	
315938	
315931	
315932	
315933	
315928	
315931	
315930	
315935	
315934	
315932	
