316286	
315931	
315932	
315930	
315932	
316091	
315932	
315770	
315928	
315932	
315928	
316093	
315771	
315931	
315929	
316094	
315768	
315932	
315931	
315930	
315929	
315932	
315930	
315930	
315931	
315930	
316096	
315769	
315929	
316092	
315773	
315928	
315933	
315929	
315931	
315927	
315933	
315933	
315928	
315929	
315932	
315931	
315928	
315930	
315930	
315936	
316092	
315929	
315772	
315930	
315931	
315930	
315932	
315929	
315930	
315934	
315929	
316093	
315769	
315929	
316096	
315769	
316093	
315769	
316094	
315770	
315931	
315930	
316094	
315769	
316090	
315772	
316091	
315932	
315771	
316091	
315770	
316093	
315771	
315930	
316092	
315769	
316096	
315767	
315932	
315931	
315931	
315930	
316092	
315769	
315929	
316095	
315768	
315930	
315930	
315932	
315931	
316093	
315934	
