316173	
315929	
316133	
315730	
315927	
315932	
315935	
315930	
315932	
315930	
316135	
315726	
315929	
316135	
315729	
315930	
316134	
315727	
315933	
315931	
315930	
316133	
315731	
315929	
315930	
315932	
315930	
315929	
316134	
315930	
315730	
315930	
315934	
315930	
316133	
315726	
315934	
315931	
315929	
316137	
315726	
316133	
315732	
315930	
315930	
315930	
316133	
315730	
315932	
315932	
315928	
315933	
315929	
316134	
315729	
315931	
316134	
315729	
315929	
315934	
315929	
315931	
315930	
315931	
315931	
315930	
315933	
315932	
315932	
315928	
316132	
315730	
315931	
315931	
315928	
315933	
315927	
315933	
315932	
315929	
315929	
315933	
315930	
315931	
315931	
315932	
315930	
315929	
315932	
316131	
315934	
315729	
315928	
315933	
315929	
316134	
315729	
315931	
315931	
