316050	
315936	
315927	
315935	
316033	
315828	
315934	
315933	
315930	
316033	
315830	
315931	
316038	
315828	
315934	
316035	
315828	
315930	
315930	
315934	
315933	
315930	
315933	
315933	
315932	
315933	
315931	
315931	
315929	
315937	
315929	
315935	
315930	
315931	
315933	
315933	
315929	
315933	
315931	
315933	
315933	
315932	
316033	
315829	
315932	
315932	
315932	
315931	
315932	
315933	
315934	
315930	
315932	
315932	
315933	
315930	
315933	
315931	
315931	
315931	
315931	
316040	
315828	
315932	
315931	
315930	
316035	
315828	
315934	
316033	
315829	
315934	
316034	
315830	
315929	
316035	
315830	
315933	
315931	
315932	
315932	
315932	
315930	
315933	
315933	
316034	
315828	
315929	
315932	
315934	
315928	
315933	
315933	
315930	
315933	
315929	
316035	
315833	
315932	
315934