test_times[0]	uint32_t	315858	
315933	
315926	
315927	
315944	
315931	
315924	
315943	
315933	
315930	
315931	
315933	
315928	
315933	
315931	
315934	
315934	
315932	
315931	
315932	
315932	
315930	
315935	
315932	
315924	
315938	
315933	
315931	
315936	
315933	
315928	
315934	
315930	
315933	
315934	
315929	
315934	
315932	
315930	
315929	
315939	
315927	
315935	
315930	
315933	
315933	
315931	
315923	
315942	
315932	
315931	
315934	
315932	
315924	
315930	
315928	
315946	
315928	
315936	
315927	
315936	
315934	
315930	
315933	
315927	
315937	
315924	
315931	
315940	
315931	
315931	
315935	
315931	
315932	
315932	
315934	
315929	
315929	
315935	
315934	
315919	
315935	
315942	
315930	
315931	
315934	
315931	
315924	
315939	
315933	
315930	
315935	
315931	
315931	
315933	
315930	
315933	
315923	
315932	
