316183	
315828	
315933	
315931	
315931	
315932	
315932	
316034	
315832	
316034	
315830	
315931	
315929	
315935	
315929	
316038	
315828	
315935	
316033	
315929	
315827	
315932	
315932	
315931	
315931	
315934	
315933	
316033	
315832	
316035	
315826	
315932	
315933	
315929	
315931	
315934	
316037	
315828	
316035	
315829	
315933	
316034	
315830	
315930	
315933	
315931	
315932	
315931	
316038	
315828	
315929	
315936	
315931	
316036	
315825	
316040	
315826	
315933	
315930	
315932	
316033	
315829	
315933	
315930	
315935	
315929	
316037	
315828	
316035	
315829	
316037	
315827	
315928	
315932	
315934	
315929	
315935	
316034	
315933	
315931	
315829	
316035	
315830	
316035	
315827	
315931	
315932	
315934	
315930	
316036	
315827	
315930	
315935	
315930	
315929	
315936	
315932	
315931	
315933	
