7050	
6384	
6370	
6385	
6370	
6385	
6372	
6387	
6372	
6388	
6372	
6387	
6373	
6387	
6373	
6388	
6374	
6388	
6374	
6388	
6374	
6390	
6374	
6389	
6375	
6390	
6373	
6390	
6376	
6391	
6376	
6389	
6374	
6391	
6376	
6391	
6375	
6390	
6377	
6391	
6376	
6391	
6378	
6391	
6377	
6393	
6376	
6391	
6377	
6394	
6376	
6392	
6377	
6392	
6379	
6395	
6379	
6394	
6379	
6395	
6379	
6396	
6380	
6396	
6380	
6395	
6380	
6398	
6381	
6397	
6382	
6397	
6383	
6397	
6381	
6397	
6381	
6397	
6383	
6366	
6382	
6367	
6382	
6367	
6382	
6370	
6384	
6369	
6384	
6368	
6386	
6369	
6385	
6370	
6385	
6370	
6388	
6369	
6387
6385
