6580	
6393	
6369	
6375	
6380	
6385	
6393	
6367	
6373	
6378	
6384	
6390	
6395	
6372	
6376	
6382	
6388	
6394	
6368	
6375	
6381	
6385	
6390	
6394	
6371	
6377	
6383	
6389	
6395	
6368	
6375	
6381	
6387	
6392	
6368	
6375	
6379	
6385	
6389	
6395	
6371	
6375	
6382	
6387	
6393	
6369	
6375	
6378	
6383	
6390	
6395	
6373	
6377	
6382	
6388	
6392	
6368	
6375	
6378	
6384	
6390	
6396	
6372	
6378	
6381	
6388	
6392	
6369	
6374	
6380	
6386	
6390	
6398	
6371	
6377	
6383	
6388	
6393	
6368	
6375	
6379	
6384	
6390	
6396	
6372	
6377	
6381	
6388	
6393	
6369	
6373	
6378	
6385	
6390	
6395	
6369	
6375	
6382	
6385	
