6710	
6379	
6382	
6385	
6387	
6391	
6394	
6395	
6368	
6370	
6372	
6376	
6378	
6381	
6383	
6385	
6389	
6391	
6395	
6397	
6368	
6372	
6374	
6378	
6380	
6382	
6385	
6387	
6390	
6393	
6394	
6368	
6370	
6372	
6375	
6377	
6380	
6383	
6386	
6388	
6391	
6393	
6396	
6368	
6371	
6374	
6374	
6378	
6381	
6383	
6387	
6390	
6391	
6394	
6396	
6368	
6372	
6372	
6378	
6378	
6380	
6385	
6386	
6390	
6393	
6394	
6397	
6368	
6372	
6375	
6376	
6380	
6383	
6385	
6387	
6390	
6393	
6394	
6398	
6369	
6372	
6375	
6378	
6380	
6383	
6385	
6388	
6390	
6394	
6396	
6369	
6370	
6373	
6375	
6378	
6381	
6383	
6387	
6388
6387