6520	
6371	
6386	
6371	
6385	
6368	
6384	
6398	
6381	
6396	
6380	
6393	
6378	
6392	
6378	
6392	
6373	
6390	
6372	
6389	
6371	
6387	
6370	
6384	
6369	
6382	
6397	
6381	
6394	
6380	
6395	
6378	
6392	
6375	
6390	
6375	
6389	
6372	
6386	
6371	
6386	
6369	
6384	
6368	
6382	
6395	
6381	
6394	
6377	
6393	
6378	
6390	
6375	
6389	
6374	
6388	
6370	
6385	
6367	
6383	
6369	
6381	
6397	
6379	
6394	
6379	
6394	
6377	
6392	
6376	
6389	
6374	
6389	
6371	
6387	
6370	
6384	
6367	
6382	
6397	
6380	
6395	
6379	
6393	
6377	
6392	
6376	
6390	
6374	
6388	
6372	
6386	
6371	
6386	
6368	
6381	
6398	
6381	
6395	
6380	

