6697	
6398	
6397	
6396	
6396	
6394	
6394	
6396	
6395	
6394	
6394	
6393	
6393	
6394	
6395	
6394	
6394	
6394	
6393	
6391	
6392	
6392	
6392	
6391	
6391	
6391	
6391	
6390	
6391	
6390	
6390	
6389	
6390	
6388	
6389	
6389	
6388	
6389	
6390	
6387	
6388	
6389	
6386	
6387	
6387	
6386	
6386	
6386	
6387	
6385	
6386	
6386	
6386	
6385	
6385	
6385	
6384	
6385	
6383	
6382	
6382	
6382	
6383	
6383	
6382	
6381	
6382	
6379	
6380	
6380	
6380	
6379	
6380	
6379	
6378	
6378	
6379	
6379	
6378	
6379	
6378	
6377	
6377	
6377	
6377	
6376	
6377	
6376	
6375	
6375	
6375	
6376	
6373	
6375	
6374	
6374	
6374	
6374	
6372	
