6355	
6386	
6390	
6394	
6396	
6372	
6375	
6377	
6382	
6388	
6390	
6395	
6368	
6372	
6376	
6380	
6385	
6388	
6391	
6394	
6369	
6372	
6376	
6380	
6384	
6387	
6391	
6395	
6369	
6374	
6376	
6381	
6382	
6386	
6392	
6395	
6368	
6373	
6376	
6381	
6383	
6389	
6392	
6396	
6369	
6373	
6378	
6379	
6385	
6387	
6391	
6395	
6369	
6373	
6376	
6380	
6383	
6387	
6391	
6395	
6369	
6372	
6376	
6381	
6383	
6389	
6392	
6394	
6370	
6374	
6375	
6380	
6383	
6389	
6391	
6396	
6369	
6373	
6377	
6380	
6383	
6388	
6391	
6396	
6369	
6372	
6376	
6378	
6383	
6389	
6390	
6394	
6369	
6373	
6375	
6379	
6384	
6387	
6391	
6394