6396	
6372	
6378	
6385	
6390	
6397	
6371	
6377	
6383	
6387	
6393	
6370	
6375	
6380	
6385	
6391	
6397	
6371	
6378	
6384	
6388	
6394	
6369	
6375	
6380	
6385	
6391	
6397	
6373	
6377	
6385	
6389	
6395	
6370	
6375	
6381	
6385	
6391	
6398	
6372	
6379	
6383	
6389	
6395	
6369	
6376	
6381	
6387	
6392	
6398	
6373	
6378	
6383	
6389	
6395	
6370	
6375	
6380	
6386	
6390	
6367	
6373	
6378	
6383	
6389	
6395	
6371	
6376	
6382	
6386	
6391	
6397	
6372	
6377	
6384	
6391	
6395	
6371	
6374	
6379	
6386	
6391	
6397	
6372	
6377	
6384	
6389	
6395	
6369	
6375	
6381	
6385	
6392	
6397	
6372	
6377	
6383	
6388	
6393	

