946	
947	
945	
943	
946	
943	
947	
943	
946	
946	
945	
942	
945	
947	
943	
947	
944	
945	
948	
942	
947	
944	
947	
944	
946	
945	
946	
945	
943	
946	
946	
943	
946	
944	
945	
949	
942	
946	
944	
945	
944	
946	
944	
946	
945	
943	
948	
943	
946	
944	
946	
945	
944	
945	
943	
946	
944	
946	
945	
946	
943	
943	
948	
943	
946	
946	
944	
944	
944	
948	
943	
946	
945	
945	
946	
943	
947	
943	
947	
943	
946	
944	
947	
945	
945	
945	
944	
945	
946	
947	
946	
944	
946	
942	
946	
946	
945	
945	
944	
946	
