945	
944	
946	
945	
944	
945	
944	
947	
944	
945	
946	
944	
944	
945	
946	
945	
945	
944	
946	
941	
946	
946	
944	
945	
946	
944	
945	
946	
944	
946	
944	
947	
944	
944	
946	
945	
944	
946	
944	
947	
944	
944	
946	
947	
942	
946	
944	
946	
945	
944	
946	
943	
947	
944	
944	
947	
944	
945	
947	
944	
944	
944	
945	
946	
944	
946	
944	
945	
944	
945	
947	
944	
947	
944	
945	
946	
944	
946	
944	
945	
946	
944	
944	
947	
945	
944	
945	
946	
944	
945	
946	
944	
946	
943	
944	
946	
944	
946	
944	
946	
